
Cluster 0 words:b'kit',b'an',b'schizophrenia_and_disorders_with_psychotic_features',b'diagnosis',b'epilepsy',b'neurologic_indications',b'cognitive_ability',b'hospitalizations',b'exposures',b'dietary_supplements',b'performance_of_chores',b'mental_disorders',b'onset_of_symptoms',b'stereotyped_restricted_and_repetitive_behavior',b'visual_thinking',b'met',b'mark',b'allergies',b'reciprocal_social_interaction',b'medications',b'perinatal_history',b'cut',b'trio',b'mecp2',b'working_memory',b'pica',b'nrxn1',b'bipolar_disorder',b'siezures',b'mental_retardation',
Cluster 0 titles: 4943479, 5881179, 5859484, 3756296, 5946742, 4244134, 6011198, 3996537, 3607626, 3113723, 4355952, 6299922, 4406691, 5985537, 6112123, 5561609, 6106874, 3170664, 3410618, 6122816, 5557355, 3338262, 3040206, 4647182, 4949425, 3162001, 3410815, 5607556, 5578492, 3464360, 3001695, 5656305, 3425128, 3686873, 3583392, 3680076, 3568452, 4895433, 3563690, 6047246, 4762891, 3003876, 4739328, 4925020, 3610904, 3440365, 2774338, 5215991, 4568303, 5835496, 5819172, 3577685, 3784762, 6092396, 4198124, 5545709, 3264868, 3972136, 3517299, 3767287, 4631108, 6169859, 3494744, 5611737, 2730532, 5539915, 5372175, 2265260, 4801420, 5437096, 5368984, 4825995, 6220561, 3811986, 3495055, 5654961, 1310613, 5083212, 4903018, 5802496, 3907307, 5886262, 4300495, 6022498, 5354548, 5386887, 4930123, 3325173, 6004695, 5721546, 5611740, 5022064, 3566384, 6026208, 3590998, 5841760, 5652137, 3815575, 5418740, 4842259, 5085743, 5098909, 5538124, 4637822, 5907836, 3547942, 64493, 5159983, 5763335, 4819764, 4153713, 4607423, 5805137, 6217926, 4988023, 5438031, 4705753, 4134484, 3996043, 4119222, 3179967, 5325728, 5018849, 4445743, 5442155, 4091790, 5226683, 5351204, 4633447, 4747159, 5672813, 4724675, 5389537, 4700739, 5338099, 5679329, 4471293, 5378808, 4243332,


Cluster 1 words:b'cage',b'shank3',b'mecp2',b'pten',b'fmr1',b'working_memory',b'reciprocal_social_interaction',b'vocalizations',b'social_competence',b'an',b'kit',b'cognitive_ability',b'stereotyped_restricted_and_repetitive_behavior',b'cut',b'anxiety_disorders',b'fragile_x_syndrome',b'depressive_disorder',b'nrxn1',b'epilepsy',b'met',b'exposures',b'rett_syndrome',b'motor_skills',b'complaints_and_indications',b'mental_retardation',b'overactivity',b'visual_thinking',b'neurologic_indications',b'schizophrenia_and_disorders_with_psychotic_features',b'diagnosis',
Cluster 1 titles: 6258166, 5833085, 3197027, 6011246, 5919902, 4926223, 5974625, 5879542, 4259993, 5345089, 4823641, 4761009, 4565786, 4354349, 3235126, 5480153, 5970172, 3090611, 5822461, 4359103, 6293525, 4701386, 5412412, 6195348, 4315573, 5543534, 3506511, 3448848, 3410621, 4740114, 3043074, 6139139, 3006426, 6086213, 5545711, 4866051, 4346882, 5181638, 6249852, 5789211, 3636468, 4438718, 5070418, 3558482, 4136791, 4312830, 3710970, 5684358, 2721832, 2638799, 4995546, 3513683, 4972535, 4799364, 5618565, 4549933, 4315323, 5083203, 3628102, 3181906, 3513680, 4948673, 2603481, 4924796, 2685981, 5985734, 4898763, 4770673, 3513679, 3057962, 5574313, 4749962, 5738835, 5770771, 3400671, 3252613, 5609623, 5571902, 3581547, 5853625, 2752466, 3228874, 4350522, 5618521, 3730181, 4468215, 3338748, 6293633, 2838793, 5814017, 4829151, 5472997, 5321753, 5780507, 5116076, 5066262, 2222245, 5339506, 2847695, 2671988, 4818446, 4793536, 2248565, 3490915, 4510504, 3915307, 5399341, 6191442, 3844687, 5014121, 6205438, 3460929, 4740767, 5372671, 4618364, 3544729, 4512177, 5135580, 6164279, 5637135, 4759619, 4091761, 5454854, 5539636, 5025785, 2947401, 4425039, 6116350, 6082846, 4372449, 5382808, 5469475, 4909589, 4977499, 3694043, 4056431, 5099374, 5307131, 4759317, 5472790, 4655861, 4729132, 3269681, 6049608, 5789213, 5724703, 4726076, 4867450, 4376901, 4383723, 4537259, 4427554, 5360850, 4372342, 4612093, 5508252, 4316932, 4969621, 3729742, 4589208, 4000264, 4614053, 4235743, 4099083, 5627457, 5360848, 4193852, 4192590, 5626391, 4388743, 4458007, 4859958, 5094851, 4846490, 5115650, 5067329, 5504648, 5364052, 4864049, 4870371, 4294557, 5537637, 3352866, 5658669, 4867541, 4861960, 5215415, 4243533, 5726525, 5075177,


Cluster 2 words:b'diagnosis',b'an',b'cognitive_ability',b'medications',b'met',b'reciprocal_social_interaction',b'schizophrenia_and_disorders_with_psychotic_features',b'attention_deficit_disorder_with_hyperactivity',b'visual_thinking',b'epilepsy',b'onset_of_symptoms',b'complaints_and_indications',b'neurologic_indications',b'mental_disorders',b'stereotyped_restricted_and_repetitive_behavior',b'asperger_syndrome',b'social_competence',b'comorbidities',b'mental_retardation',b'overactivity',b'hospitalizations',b'fragile_x_syndrome',b'depressive_disorder',b'anxiety_disorders',b'language_ability',b'trio',b'siezures',b'perinatal_history',b'bipolar_disorder',b'working_memory',
Cluster 2 titles: 5485587, 4820471, 4132649, 6051604, 3116738, 5372633, 4401440, 4373693, 6055932, 5387247, 5360855, 3130139, 4511766, 4413819, 5384041, 4425117, 5857311, 5416693, 5379648, 3941568, 5360847, 4249945, 4394500, 3094531, 5845860, 4394543, 4759203, 4137411, 5496724, 4654237, 6061181, 4422995, 3130692, 4367837, 3083416, 5840789, 5759230, 5481887, 4375929, 5838237, 5753567, 4345539, 4926390, 3040743, 4354353, 4929695, 4833406, 4237351, 5911435, 4233346, 4445756, 4712554, 3565204, 3428055, 4707541, 6167902, 5360849, 4820035, 3792997, 3730054, 3548427, 5416715, 4990618, 5336143, 4977510, 4988886, 5784506, 5550983, 3371866, 3337277, 4413835, 5068589, 4693501, 5496244, 4936607, 4333561, 4731780, 4644211, 6192781, 4690969, 5328751, 4938851, 3392732, 5622473, 6104917, 3783493, 3496584, 6060879, 4859984, 3386011, 4671264, 3041792, 5085253, 5658953, 3613847, 5785483, 4642926, 5328401, 4042015, 5591346, 4538199, 3006638, 5633642, 5775320, 5602032, 3198479, 5578055, 5886277, 5680363, 4859484, 4635597, 5286408, 3350576, 5409610, 3779159, 4914424, 3159129, 5575292, 3391175, 5357816, 2731203, 4824422, 3626551, 2644762, 4729813, 4320286, 2695001, 5902935, 4474177, 5349246, 6197704, 2645381, 3669501, 4878876, 5605661, 3570468, 6101561, 3513682, 2680219, 4824117, 4706891, 4479043, 3596371, 6044186, 5735531, 4135348, 4811712, 3150391, 3688832, 3501969, 5758853, 5854306, 5026732, 4580585, 3533944, 5016529, 5068815, 3688993, 4552377, 4463632, 3586480, 3763210, 2678711, 4681135, 4653240, 2686502, 5468250, 3898364, 3309999, 2670970, 3309533, 6346295, 5455122, 4668631, 4777504, 4307305, 4765851, 5035833, 4690162, 3661504, 5432605, 4489335, 3280447, 5009541, 4879740, 4704485, 4306541, 5580495, 4678489, 4550361, 5468514, 4891671, 3565189, 3252763, 5080861, 4682829, 3626795, 5584030, 4263785, 4883772, 4419741, 3637561, 5911343, 5610446, 4492396, 4130524, 3653096, 5466314, 3398286, 4774916, 4724369, 3042898, 2492880, 2683930, 4923867, 4774106, 4511534, 3651174, 5324635, 4564239, 5701309, 3111012, 5902398, 5007452, 5341363, 5741226, 4755663, 5457729, 4564166, 4100876, 3649927, 6110470, 2705502, 5702092, 3798378, 5379515, 3199189, 5352796, 2935882, 3979738, 3652084, 5840786, 3745408, 3213048, 3270696, 3427326, 2772655, 3383751, 4350523, 3215885, 6247386, 4830019, 5766530, 4556482, 6331660, 3776732, 4962257, 5810065, 5934305, 4945013, 4459282, 4834637, 3930113, 2932694, 5791216, 5824550, 2934739, 5766517, 3368908, 5701449, 3977681, 3952819, 3885720, 4827874, 6324819, 5850384, 5324567, 5719902, 3951190, 3738022, 2869041, 3544904, 4931610, 5363048, 4226210, 4504226, 4177294, 5802583, 4935837, 2761880, 3213131, 5759870, 4931605, 4175587, 3547868, 5806238, 4818409, 4466563, 4490493, 5732476, 5828599, 5814383, 4462583, 5802446, 3884762, 3245106, 3989023, 5691387, 4988267, 4736680, 3001124, 4035120, 3793965, 6345368, 3399634, 5351180, 5688748, 4521130, 4849199, 3840590, 5324163, 3474800, 4913747, 3827143, 5222913, 5660893, 2373955, 1513515, 4307681, 3520798, 1525191, 4703709, 4759095, 5389513, 2921284, 5487758, 5842695, 3720840, 5147776, 5055293, 4930130, 5125044, 4302585, 3524021, 6086092, 5128689, 5102445, 5487747, 2866544, 5105161, 3961190, 5436821, 6017261, 4177256, 3919719, 5361831, 1382247, 4619748, 4407288, 5667738, 5552240, 4807783, 5794881, 1888683, 3819162, 3432855, 5534955, 1865561, 5052801, 3604131, 5409128, 5964452, 5790834, 3818007, 5491690, 5487748, 5108086, 5482876, 6193446, 5109935, 5655952, 2848579, 3874034, 2839489, 6034210, 5798319, 5541734, 4893356, 4284309, 3513678, 5053497, 5423032, 5399393, 4176835, 4503355, 2643049, 4815081, 5518181, 3965040, 4794817, 5545734, 2815936, 1851007, 5155555, 5822466, 548305, 5573912, 5192959, 3899449, 4619566, 5354807, 4774994, 2805335, 5119539, 5908763, 4986048, 4139321, 3885205, 5943853, 4370361, 4573762, 1084355, 2797846, 5474730, 4502951, 3690969, 5903412, 5030459, 5217649, 6091020, 4553146, 3310790, 5000439, 546213, 3504046, 5974415, 5486135, 3893450, 3295800, 3708282, 3969297, 4641696, 6056057, 5751211, 4783914, 5569583, 5481972, 5899373, 4881499, 4734884, 4151967, 5619996, 5409803, 4836088, 3690523, 3715700, 2965350, 5157977, 4393085, 5167061, 4433014, 509312, 5294827, 3631200, 5299390, 3619456, 329128, 5526322, 6019410, 2889141, 5712192, 4864276, 4683429, 4412039, 5045145, 5454851, 420465, 5201278, 5322585, 5198096, 5304941, 3537519, 5451068, 5379861, 4839099, 4719563, 411038, 6050725, 4650984, 4023913, 4382850, 4485698, 5363500, 5609014, 4734032, 4915503, 4446412, 3688962, 3723491, 5282903, 5187870, 5126876, 4419151, 6068102, 5157792, 4898679, 5022092, 5318360, 4378254, 5607486, 4841962, 4643966, 6040688, 4999236, 4719693, 4655021, 4660377, 5545641, 3731793, 4319152, 4657159, 5175196, 5261619, 3309518, 5537407, 5142147, 6182718, 5285408, 5310553, 3681934, 2921070, 59656, 5676835, 6121142, 5605987, 6050263, 4725892, 5075143, 194752, 5129651, 4997702, 4719705, 5789216, 5128902, 2946294, 5121959, 4745388, 5385202, 4627571, 5640251, 4995518, 4007529, 4534101, 5431663, 3754459, 4116759, 4230001, 6126750, 5680520, 4736967, 4059929, 5372533, 4411356, 4554745, 5264285, 4031262, 5159755, 4011843, 5360853, 3731785, 4341013, 3655150, 4705475, 4047885, 5629761, 4140467, 5360852, 5682605, 4556734, 3961203, 4591364, 4067505, 3225379, 3731784, 4995547, 5013609, 4936315, 4336464, 5320696, 5048213, 3309488, 5132150, 4543079, 5454987, 4966969, 5454981, 6086890, 5627471, 5340405, 5046013, 4574168, 4499106, 5024993, 3700858, 4512676, 5374041, 4471312, 4323380, 3309504, 5650680, 4596821, 5862414, 4396692, 4603300, 4346944, 3696010, 5638204, 5070061, 5352777, 4876513, 5122473, 5338261, 3554878, 5675000, 5534939, 5080712, 4251975, 5518846, 5416665, 5681818, 5324550, 4878062, 4432080, 4449286, 4184868, 5467355, 3823072, 5091763, 5222916, 3536966, 5351053, 5412832, 5794882, 5116288, 5372543, 5621737, 4022403, 5068868, 4038115, 4881591, 4979025, 5799342, 5432632, 5382976, 3352915, 5441062, 3342283, 5125235, 4424375, 5085789, 5339767, 5680830, 6093436, 5501949, 5390696, 5073317, 4224480, 5701304, 5067562, 4025040, 5000625, 4230972, 5257193, 4726659, 5636137, 4996332, 5655854, 5222910,


Cluster 3 words:b'exposures',b'dietary_supplements',b'perinatal_history',b'medications',b'diagnosis',b'an',b'hospitalizations',b'dietary_restrictions',b'kit',b'reciprocal_social_interaction',b'mental_disorders',b'perinatal_exposures',b'cognitive_ability',b'depressive_disorder',b'attention_deficit_disorder_with_hyperactivity',b'met',b'metabolic_indications',b'autistic_disorder',b'bacterial_infections',b'mental_retardation',b'neurologic_indications',b'complaints_and_indications',b'allergies',b'onset_of_symptoms',b'schizophrenia_and_disorders_with_psychotic_features',b'diabetes_mellitus_type_1',b'stereotyped_restricted_and_repetitive_behavior',b'cage',b'overactivity',b'asperger_syndrome',
Cluster 3 titles: 3988108, 5489536, 4425104, 4508765, 5384197, 6002020, 6071802, 5915454, 5910592, 6014693, 5914043, 6071837, 6195236, 6288876, 6252219, 4015907, 6119280, 4332725, 3850030, 5485071, 5102276, 4723262, 6280477, 6090838, 3793312, 5625821, 4908699, 1513329, 2892398, 4550720, 4924178, 3563033, 5356236, 4917935, 5872584, 5354243, 3633612, 5610466, 3621187, 4821887, 3006666, 3261830, 4466566, 4872404, 4507319, 6314746, 4710593, 3881151, 5708064, 6307226, 5783661, 5804031, 5702026, 5374665, 6071194, 3965395, 5785951, 4637446, 5129305, 5313513, 5056722, 4726047, 5414283, 5767968, 4847050, 5098241, 5419910, 4177682, 5299396, 5370427, 5534947, 3823459, 6028639, 5766538, 5821970, 5119728, 4427538, 5596045, 5535916, 5493637, 5915192, 5789217, 5554617, 5727786, 5407180, 5282802, 4732982, 4661679, 4848704, 6132446, 5068870, 5386877, 4471388, 4530629, 4596286, 4230722, 5331586, 6168830, 4963856, 4423768, 5332182, 5093279, 4979185, 5222512, 4221602, 5290345, 5461492, 5073112, 3996516, 5226686, 4881129, 5455002, 3404662, 5022076,
